0.17413D+01	
0.19037D+01	
0.20764D+01	
0.22586D+01	
0.24487D+01	
0.26444D+01	
0.28426D+01	
0.30391D+01	
0.32286D+01	
0.34049D+01	
0.35608D+01	
0.36885D+01	
0.37803D+01	
0.38290D+01	
0.38288D+01	
0.37761D+01	
0.36702D+01	
0.35134D+01	
0.33110D+01	
0.30710D+01	
0.28034D+01	
0.25190D+01	
0.22288D+01	
0.19428D+01	
0.16693D+01	
0.14149D+01	
0.11839D+01	
0.97879D+00	
0.80015D+00	
0.64728D+00	
0.51851D+00	
0.41158D+00	
0.32392D+00	
0.25291D+00	
0.19599D+00	
0.15083D+00	
0.11532D+00	
0.87633D-01	
0.66217D-01	
0.49769D-01	
0.37222D-01	
0.27709D-01	
0.20538D-01	
0.15161D-01	
0.11149D-01	
0.81692D-02	
0.59659D-02	
0.43431D-02	
0.31524D-02	
0.22817D-02	
0.16472D-02	
0.11862D-02	
0.85227D-03	
0.61103D-03	
0.43723D-03	
0.31231D-03	
0.22269D-03	
0.15853D-03	
0.11268D-03	
0.79966D-04	
0.56670D-04	
0.40106D-04	
0.28345D-04	
0.20008D-04	
0.14106D-04	
0.99331D-05	
0.69869D-05	
0.49092D-05	
0.34457D-05	
0.24161D-05	
0.16925D-05	
0.11845D-05	
0.82825D-06	
0.57863D-06	
0.40390D-06	
0.28171D-06	
0.19633D-06	
0.13672D-06	
