0.98934D+00	
0.98696D+00	
0.98405D+00	
0.98049D+00	
0.97615D+00	
0.97086D+00	
0.96444D+00	
0.95670D+00	
0.94739D+00	
0.93632D+00	
0.92326D+00	
0.90807D+00	
0.89064D+00	
0.87097D+00	
0.84915D+00	
0.82540D+00	
0.80000D+00	
0.77328D+00	
0.74555D+00	
0.71710D+00	
0.68814D+00	
0.65882D+00	
0.62932D+00	
0.59985D+00	
0.57074D+00	
0.54247D+00	
0.51563D+00	
0.49074D+00	
0.46804D+00	
0.44745D+00	
0.42858D+00	
0.41101D+00	
0.39438D+00	
0.37844D+00	
0.36307D+00	
0.34820D+00	
0.33382D+00	
0.31995D+00	
0.30659D+00	
0.29378D+00	
0.28153D+00	
0.26983D+00	
0.25870D+00	
0.24811D+00	
0.23806D+00	
0.22853D+00	
0.21950D+00	
0.21094D+00	
0.20283D+00	
0.19515D+00	
0.18787D+00	
0.18098D+00	
0.17445D+00	
0.16827D+00	
0.16667D+00	
