0.83333D-02	
0.10137D-01	
0.12319D-01	
0.14956D-01	
0.18136D-01	
0.21958D-01	
0.26541D-01	
0.32014D-01	
0.38525D-01	
0.46234D-01	
0.55312D-01	
0.65938D-01	
0.78296D-01	
0.92565D-01	
0.10892D+00	
0.12750D+00	
0.14846D+00	
0.17188D+00	
0.19785D+00	
0.22640D+00	
0.25754D+00	
0.29125D+00	
0.32749D+00	
0.36617D+00	
0.40723D+00	
0.45054D+00	
0.49602D+00	
0.54354D+00	
0.59299D+00	
0.64425D+00	
0.69723D+00	
0.75181D+00	
0.80789D+00	
0.86537D+00	
0.92417D+00	
0.98419D+00	
0.10454D+01	
0.11076D+01	
0.11709D+01	
0.12351D+01	
0.13002D+01	
0.13661D+01	
0.14328D+01	
0.15002D+01	
0.15684D+01	
0.16372D+01	
0.17066D+01	
0.17765D+01	
0.18471D+01	
0.19181D+01	
0.19897D+01	
0.20617D+01	
0.21341D+01	
0.22070D+01	
0.22803D+01	
0.23540D+01	
0.24280D+01	
0.25024D+01	
0.25771D+01	
0.26521D+01	
0.27274D+01	
0.28030D+01	
0.28789D+01	
0.29550D+01	
0.30314D+01	
0.31081D+01	
0.31850D+01	
0.32621D+01	
0.33394D+01	
0.34169D+01	
0.34947D+01	
0.35726D+01	
0.36507D+01	
0.37290D+01	
0.38075D+01	
0.38861D+01	
0.39649D+01	
0.40438D+01	
